0 92.8476 0.314516 0.0680681 92.8482
 0 0.0390251 6.26143 6.44151
 1 -0.0116945 0.00712087 15.1576
 2 -0.00543227 6.25753 10.6035
 3 -0.00754718 0.00672311 39.3607
 4 0.0601015 0.0861251 2.17909
 5 0.00995099 6.17366 2.25756
 6 0.0413044 0.113103 7.18089
 7 -0.159673 6.14632 0.810263
 8 -0.0660938 6.10308 1.18302
 9 0.142301 6.19611 1.59156
 10 0.211249 0.0230535 0.6785
 11 0.165232 6.11748 0.510719
 12 -0.0812156 0.113544 1.88437
 13 -0.193583 6.02326 1.14174
 14 0.328683 6.19225 0.871877
 15 -0.220185 0.245764 1.1985
#END
1 -92.7071 0.231964 0.398348 92.7082
 0 0.0332085 3.06835 1.35456
 1 -0.0111416 3.11224 7.68089
 2 0.209967 3.4182 1.04946
 3 -0.04967 3.3137 1.3803
 4 -0.00268482 3.07433 1.77509
 5 0.0298824 3.08596 8.58218
 6 0.0280046 3.13395 18.4879
 7 0.0825171 3.13415 0.781188
 8 0.0594829 3.19511 2.86395
 9 -0.130497 3.39042 4.18698
 10 -0.0285403 3.40746 0.406887
 11 -0.109442 3.14784 2.9852
 12 -0.0107939 3.19295 4.71533
 13 0.0375911 3.09379 3.19433
 14 0.049836 3.12722 4.50048
 15 0.0503413 3.13403 1.67552
 16 0.0122444 3.08936 11.8584
 17 -0.18534 3.30723 3.35168
 18 0.0220572 3.0644 12.2181
#END
