0 -86.45061869 -100.5943824 -890004.448 890004.4579 13
1 103.2274308 28.98630958 -857378.7664 857378.7731 12
2 -60.59084935 16.15624286 -38830.09306 38830.1437 6
3 42.44689232 15.51924927 -37.57891019 58.77720865 16
4 -5.849722373 -6.957117785 2638.658602 2638.674258 3
5 -8.327531153 4.499440521 -7.046404593 11.80019313 5
6 1.987023759 7.263831435 6.025046075 9.644308723 3
7 6.743649493 0.1559761939 -66.41800888 66.75966627 5
8 -4.270888689 4.932904946 12.96966126 14.51847632 3
9 4.429827009 3.47035929 -68.17461268 68.40646589 4
10 4.20608402 -0.1765888963 -1.046723687 4.337966908 2
11 -2.801735224 2.359841815 46.68065017 46.82415695 4
12 3.229821273 2.183918426 2.11135965 4.433856641 6
13 -1.338189887 2.891473764 72.64304469 72.71288273 4
14 -1.762197993 2.558406551 10.55387285 11.00159161 3
15 1.141805828 3.464207753 90.84290202 90.91610035 5
16 -3.080860069 0.3070062286 -1.531846638 3.454345916 5
17 -2.377980704 -2.204006836 -993.0907503 993.0960431 4
18 1.883888975 2.420964605 258.1229896 258.1412169 6
19 2.889028901 0.1812228247 -223.3604129 223.3791695 4
20 -1.429633785 1.416869357 16.83388038 16.95378719 2
21 2.391693899 -0.9972501166 -37.23902545 37.32907344 3
22 -0.8136291745 -1.620681812 -0.4740177688 1.874378514 3
23 0.3503470844 1.97283279 307.946969 307.9534876 3
24 1.943921977 1.2876417 -243.6010028 243.6121619 3
25 1.52752806 -0.2262406547 -1.039612197 1.861537088 2
26 1.228751267 1.16803039 528.1885091 528.1912298 3
27 -1.889051419 0.86345994 -2.568837109 3.303483377 4
28 0.05429941562 1.625424903 28.87455044 28.92031496 4
29 -1.169264949 -0.9493814599 68.13722538 68.15386995 2
30 1.109764872 0.9237559962 -1.701691534 2.231738624 2
31 0.8128800307 1.018241061 22.77988985 22.81712011 1
32 -0.6457287286 1.225704325 17.85577533 17.90943967 2
33 -0.6584673044 -1.093253262 -776.6472674 776.648316 1
34 -0.07219198926 1.269365594 -2282358.567 2282358.567 1
35 -1.526280824 -0.4018021006 -886.7170162 886.7184208 3
36 0.2395071608 1.314541688 -77.20327982 77.21484183 2
37 1.331451273 0.002695035373 0.6094555215 1.464310687 2
38 -0.1456804892 1.269414804 10.27716686 10.35629256 2
39 -0.29912389 1.109462891 2.02408765 2.327512368 1
40 -1.130511306 -0.1517669238 28.55273381 28.57550869 1
41 0.8860545729 0.6001813832 34.67731674 34.69382663 1
42 0.6414109416 -0.8584316006 -18.60955972 18.64038695 3
43 -0.8941032121 -0.5395864772 15.79061354 15.82510822 3
44 1.047226482 0.05933619216 1.255531638 1.636020716 3
45 0.2942563301 0.7929465728 -3.785151846 3.878495269 1
46 0.853650928 0.1137068081 267.8327376 267.8341221 2
47 0.8399748783 0.4033387337 -49.51047533 49.5192428 3
48 0.3647362357 0.7004705883 -1406.351971 1406.352192 1
49 0.09783193241 0.8002395405 65.42405267 65.42901972 2
50 -0.7412095241 -0.08162206711 -1.015817466 1.260134455 1
51 1.116564404 0.5990201683 8.546320401 8.639741525 3
52 0.2105079091 -0.7322284155 -2.08512605 2.219960062 2
53 0.4914252301 0.5438344947 -2071.567283 2071.567413 1
54 0.2360142503 0.6937161105 6327.813332 6327.813374 1
55 -0.6993156656 0.5393237514 1693.524111 1693.524341 2
56 0.5945602865 0.4429393258 -24.24632558 24.25765861 3
57 0.2221195529 -0.6949961421 -487.5697729 487.5703189 3
58 -0.4498807714 0.5647320965 -0.9372181776 1.183086202 2
59 0.1703143757 0.6542870301 -9515.262111 9515.262135 2
60 -0.3487823837 -0.5536742167 -0.9091526149 1.120161938 1
61 -0.3514446523 0.5294833718 -0.1518913039 0.6534041267 1
62 0.4022814977 -0.668508631 98111.34507 98111.34507 2
63 0.1711953452 0.5955787305 -15.18745227 15.20008975 1
64 -0.5920297803 0.1727843126 5737.848763 5737.848797 1
65 -0.629349597 -0.06723105107 13102.83075 13102.83077 2
66 -0.1767986229 -0.5766279029 5923.903034 5923.903065 2
67 -0.5524143191 -0.23347929 215.6592298 215.6600637 1
68 -0.7345758374 -0.4528532702 -345.3108708 345.311949 3
69 -0.4282230368 -0.4146611918 -35.59625969 35.6012503 1
70 0.3632289087 -0.4656305908 0.6747378638 0.8966706597 1
71 -0.502134596 0.8682019931 0.4213276064 1.087856059 2
72 -0.1761897237 0.6175764553 -636.2998931 636.3002172 2
73 -0.3337841867 -0.4529798857 668.1077197 668.1079567 2
74 0.5267503766 -0.5739456616 -109.4377002 109.4404729 2
75 -0.07344526767 0.5545124297 -0.6255740441 0.8391788407 2
76 0.514455872 -0.1575786758 75.9344173 75.9363235 3
77 -0.5470400014 0.1647201925 -1073.78105 1073.781202 2
78 -0.7112617635 -0.09479881313 -0.08555317766 0.7226336951 2
79 -0.112656399 -0.490024361 11894.18501 11894.18502 2
80 0.4359973033 -0.1656447354 -1.879037493 1.93605623 1
81 0.3277968804 -0.3458121568 -147.4961478 147.4969174 2
82 0.2581997424 -0.3542638146 5.269378358 5.287581511 2
83 0.3488585529 -0.203616718 123.8246133 123.8252722 1
84 -0.03663944207 0.3945197043 164.5277331 164.5282102 2
85 -0.3268691296 0.2809784689 5000.821381 5000.821399 2
86 0.03629541965 -0.593169334 0.2156585427 0.6321991959 2
87 0.2286614822 -0.3994159012 895.6815464 895.6816646 2
88 0.3526019283 -0.1259210496 147741.0734 147741.0734 1
89 0.2561929556 0.2447754299 62.39527063 62.39627671 1
90 0.1023093243 -0.3414696593 24.10807283 24.11070808 2
91 -0.02519828682 0.3222747856 1.168606493 1.212492114 1
92 0.2026964985 0.2465256263 0.3233605221 0.4543377402 1
93 0.2834733016 0.1096401029 272.5340991 272.5342686 1
94 0.2459354546 -0.1679104079 5.434013763 5.442167191 1
95 0.1587064281 0.2669630442 3.179723583 3.194855092 2
96 -0.06820093073 -0.2824030942 -32.09455405 32.09586893 1
97 -0.08189254169 0.2779402419 -42756.64825 42756.64825 1
98 -0.2967829184 0.07488481621 -0.01014072678 0.3062526256 2
99 -0.1664261982 -0.2375413713 3.818102894 3.829103458 2
100 0.3005996626 0.2240282733 218.3910557 218.3913775 2
101 0.1132805935 0.2536739116 -0.6039747191 0.6648070454 2
102 0.1739595096 0.1926426126 3309.025813 3309.025823 1
103 0.2483085048 -0.0234583311 -79.6282217 79.62861231 1
104 0.1558609158 -0.1937823311 1.194275244 1.219892444 1
105 -0.006728492073 -0.2416045655 -3.529128681 3.537395551 1
106 0.225863556 -0.05762459044 2667.62332 2667.62333 1
107 0.1850774929 0.09210022847 -206.0044891 206.0045928 1
108 0.1500536569 -0.1616082559 19.68707188 19.688307 2
109 -0.02725412376 -0.2133947647 -89.18433099 89.18459045 2
110 -0.1884573268 0.02162969016 -2.936389457 2.942510331 2
111 -0.0149407364 -0.1735836519 -0.06313791524 0.1853129951 1
112 0.1991493222 -0.03059879345 117.5777155 117.5778881 2
113 0.1697869134 -0.02983168441 2.303960122 2.310400348 1
114 -0.01709645541 0.1639611447 -1.066762534 1.079424777 1
115 0.1283413345 -0.1153663586 -1.408352667 1.418886228 2
116 -0.01256248015 0.1532595724 -0.05757541929 0.1641987861 1
117 -0.1534118858 0.008830049752 0.06396524773 0.1664473773 1
118 0.03552196582 0.2513926369 -270.7918668 270.7919858 2
119 0.1248191978 -0.06801459549 -55.04073024 55.0409138 1
120 0.004881256884 -0.1207513824 1.51899012 1.523789916 1
121 0.07025950427 0.1221040441 -0.07121433064 0.1578520713 3
122 -0.101837777 0.1221859704 10.79595207 10.79712376 2
123 0.1061272408 -0.04296341404 0.9883059707 0.9949158447 1
124 -0.003125510294 -0.08205455281 1.708228463 1.710200924 1
125 0.07149518188 -0.007065396095 7.162696231 7.163056525 1
126 -0.07407374038 0.02306988129 0.1508097658 0.1695957662 2
127 -0.008731248601 -0.03380447899 1.215466742 1.215968083 1
128 0.02710824392 0.01102681376 -12481.7926 12481.7926 1
129 -0.00614508241 -0.005047797777 0.2182321754 0.2183770241 1
130 -0.1899463489 0.03678344339 -0.5099897846 0.5454559721 1
131 -0.005178527868 -0.01707666016 -0.01416203216 0.02278140971 1
132 0.442601959 0.2040773181 -4.346973647 4.374211235 1
133 -0.01078681313 0.02484632311 -0.2385951659 0.2401277749 1
134 0.001217567611 -0.1184474975 -3.765674575 3.767537166 1
135 0.0001729881816 0.006783905015 -3.994601454 3.994607218 1
136 -0.083635429 -0.1413501156 -29.37984299 29.38030205 1
137 0.04971486934 -0.04551423538 -51.78449218 51.78453605 1
138 0.04148710302 0.01665807277 -227.0131727 227.0131771 1
139 -0.1136723045 -0.03678971864 -275.6229243 275.6229502 1
140 0.05387654436 0.1084388518 -5.158395254 5.159816204 1
141 -0.5130365709 -0.5041476447 -5.260379973 5.309328472 1
142 0.07835858111 -0.06279657394 -0.122338563 0.1582725526 1
143 0.01007571153 0.04162432574 0.2618165323 0.265296063 1
144 -0.03305637063 0.02440273671 0.004478489537 0.04133127226 1
145 0.03082804041 0.1019574862 0.1833882936 0.2120777294 1
146 0.06930417532 0.01137177048 4.502520627 4.503068329 1
147 -0.5552176674 -0.02210751463 6.022764408 6.04834246 1
148 -0.206050006 0.02538361011 103.2129622 103.213171 1
149 0.01534562363 0.02258427338 23.33541256 23.33542853 1
150 0.08367057199 -0.1465795242 0.02602448404 0.1707735205 1
151 0.05837141629 0.02796369992 8.287368465 8.287621207 1
152 -0.1320129853 -0.06394194561 15.84892072 15.84959949 1
153 0.03742386696 0.1547882086 38.64415772 38.64448584 1
154 -0.1257488706 -0.1099589676 18621.70864 18621.70864 1
155 -0.01649629141 0.0006102572705 17.63170814 17.63171587 1
156 0.07568114775 0.02099956486 989.3453992 989.3454023 1
157 0.1559986667 0.1174338694 919.2777951 919.2778159 1
158 0.1288734118 -0.06999406719 33452.03472 33452.03472 1
159 0.1354279573 0.04370600993 -376809.9235 376809.9235 1
160 0.07282951865 0.1968988906 -494437.1164 494437.1164 1
161 -0.09269448858 0.1520746012 -15498.78357 15498.78357 1
162 -0.02497202147 -0.1851858799 -1.715450544 1.725597862 1
163 -0.1595858489 0.06412228825 -7.45950508 7.461487476 1
164 0.02999378513 -0.025613534 -122.8225594 122.8225657 1
165 -0.09023745135 0.1456422062 -54.11086785 54.1111391 1
166 0.1785820926 0.08587009587 -380.1432581 380.1433098 1
167 0.05027337092 -0.7979178353 -1313.253246 1313.253489 1
168 -0.3782372712 0.02314523716 -400.7718974 400.7720765 1
169 -0.2879313 0.2258012071 -58.39848141 58.39962775 1
170 -0.2695791485 -0.1523130603 -29.88241447 29.88401858 1
171 0.1180462542 0.06142683757 0.147992928 0.1990228159 1
172 0.07989276211 -0.1154275189 0.3533540981 0.38021768 1
173 -0.09948853396 -0.03745879208 0.4699358948 0.4818099986 1
174 0.1116371628 0.231919347 9.658804125 9.662233001 1
175 -0.2418629863 -0.4035358264 232.3382551 232.3387314 1
176 -1.195128737 0.3198156233 215.7797628 215.7833095 1
177 -0.2025586149 -0.158682842 0.1974965644 0.3243688174 1
178 0.03085696627 -0.005028411459 0.1861979997 0.1888044819 1
179 -0.09734019807 0.08813786893 3.394362091 3.396901147 1
180 0.1153908227 -0.08306651111 4.88751764 4.889585235 1
181 -0.01431152062 0.06449130831 40.43468496 40.43473892 1
182 -0.3595710736 -0.4019631589 2978.891687 2978.891736 1
183 -0.006851107468 0.07493661745 963.7042551 963.704258 1
184 0.1420552439 0.6678717193 1772641.565 1772641.565 1
185 0.4972344181 0.2373601649 1476800.342 1476800.342 1
186 0.127430051 -0.3491764853 120.7542308 120.7548028 1
187 0.1504459109 -0.008238982482 215.2657628 215.2658155 1
188 -0.1007271043 -0.175938715 415.4097465 415.409796 1
189 0.001519394383 -0.2554818859 264.696542 264.6966653 1
190 -0.01289857229 0.05084653253 4241.668761 4241.668762 1
191 0.4921533204 0.3352547263 82988.02927 82988.02927 1
192 -0.5368482108 0.1193778193 -381599.3933 381599.3933 1
193 0.01893942664 0.001539470898 -10933.36936 10933.36936 1
194 0.6026620587 -0.190870469 -119683.0321 119683.0322 1
195 0.03812425663 -0.1177271235 -100065.1236 100065.1236 1
196 0.2705490252 0.1451432944 1885491.793 1885491.793 1
197 -0.06150025186 -0.1838070959 59161.49795 59161.49795 1
198 0.02359900291 0.1347819345 -4446.530351 4446.530353 1
