================================================================================
==   JETJet: Implementation of JET algorithms described in arXiv: 1411.3705   ==
================================================================================

0 54.7870687483 81.3433158444 237.217602296 257.117241218
 0 1.39800755 1.11526445 0.52950654032
 1 1.49225525 1.02101675 2.88736022689
 2 1.52367115 0.86393725 14.6057742574
 3 1.52367115 1.02101675 1.62699476964
 4 1.52367115 1.05243265 4.17497605962
 5 1.55508705 0.89535315 15.4977545323
 6 1.55508705 1.02101675 3.77045368316
 7 1.55508705 1.11526445 1.55169774935
 8 1.55508705 1.30375985 0.508253648259
 9 1.58650295 0.80110545 2.90414011639
 10 1.58650295 0.83252135 1.08993349359
 11 1.58650295 1.02101675 8.30469636504
 12 1.58650295 1.05243265 4.9015615535
 13 1.61791885 0.95818495 5.34238385546
 14 1.61791885 0.98960085 6.82222673918
 15 1.61791885 1.02101675 2.24148298289
 16 1.61791885 1.08384855 3.10864257536
 17 1.64933475 0.83252135 0.908449768693
 18 1.64933475 0.86393725 1.30873100982
 19 1.71216655 0.86393725 1.1679728296
 20 1.74358245 0.92676905 1.07517997933
 21 1.77499835 1.17809625 0.980254491342
 22 1.83783015 1.05243265 3.71325066288
 23 1.39800755 0.80110545 1.02435033454
 24 1.68075065 1.36659165 0.577803711883
 25 1.86924605 1.14668035 7.99122290513
#END
1 -91.0351872047 -13.4909217479 65.7153409627 114.209196862
 0 0.39269875 3.59712055 0.723969418682
 1 0.51836235 3.28296155 3.92302417911
 2 0.54977825 3.28296155 4.79728147296
 3 0.54977825 3.31437745 9.55078226317
 4 0.54977825 3.37720925 1.94579128661
 5 0.58119415 3.18871385 9.75623164317
 6 0.58119415 3.25154565 21.7207079312
 7 0.61261005 3.34579335 5.10604505069
 8 0.61261005 3.47145695 2.51135059642
 9 0.64402595 3.28296155 3.59383200367
 10 0.64402595 3.44004105 0.915589837816
 11 0.67544185 3.25154565 0.937076294288
 12 0.67544185 3.34579335 2.98608740552
 13 0.67544185 3.37720925 3.15567914523
 14 0.70685775 3.34579335 0.547834245674
 15 0.70685775 3.44004105 1.00323895296
 16 0.73827365 3.47145695 0.532755545988
 17 0.76968955 3.37720925 0.595449380601
 18 0.86393725 3.31437745 3.11952032304
 19 0.95818495 3.28296155 5.34930679773
 20 0.98960085 3.22012975 3.62050079845
 21 0.42411465 3.25154565 1.67019176351
 22 1.05243265 3.25154565 4.19170500221
#END
2 68.3409995671 -24.5231816077 253.437198381 263.871312661
 0 1.74358245 5.98472895 3.36730994046
 1 1.77499835 5.95331305 0.55662369855
 2 1.80641425 5.92189715 1.29586527009
 3 1.80641425 5.95331305 2.68378153836
 4 1.80641425 6.14180845 0.595060085224
 5 1.83783015 5.92189715 1.3375902372
 6 1.83783015 6.07897665 6.01093474837
 7 1.93207785 5.98472895 0.716663352197
 8 1.93207785 6.04756075 5.42817809507
 9 1.93207785 6.07897665 2.23871366274
 10 1.96349375 5.82764945 17.1939024101
 11 1.96349375 6.11039255 0.667825369238
 12 2.02632555 5.98472895 3.23641263552
 13 2.05774145 5.95331305 8.41981058677
 14 2.05774145 6.01614485 4.62871698872
 15 2.05774145 6.11039255 2.09369889697
 16 2.08915735 5.82764945 3.30821478589
 17 1.64933475 5.95331305 1.17332905589
 18 1.96349375 0.04712385 0.911911176018
 19 1.99490965 5.76481765 7.23698415538
#END
3 9.08158460758 -32.9156810964 62.1937166902 71.1900473068
 0 1.05243265 4.85375655 0.692589661798
 1 1.20951215 5.10508375 3.19749826326
 2 1.27234395 4.75950885 0.685043444242
 3 1.30375985 4.97942015 1.02725748469
 4 1.30375985 5.01083605 9.17899940051
 5 1.33517575 4.94800425 0.771567186866
 6 1.36659165 4.91658835 0.783823617345
 7 1.36659165 5.10508375 5.92443743302
 8 1.42942345 4.94800425 2.82975582435
 9 1.42942345 5.04225195 3.15536635411
 10 1.58650295 4.82234065 3.98620268783
 11 1.02101675 4.79092475 1.05697188035
 12 1.30375985 4.66526115 1.08479616684
#END
4 -24.0864129954 5.7452280941 73.3458743598 77.4420016353
 0 1.64933475 2.96880255 0.616356014451
 1 1.71216655 2.90597075 4.78202509585
 2 1.83783015 2.87455485 3.11425832417
 3 1.83783015 2.90597075 10.9551379131
 4 1.86924605 2.93738665 3.04211609619
 5 1.58650295 2.90597075 1.39058339384
 6 1.96349375 2.90597075 0.865877452683
#END
5 -12.8018947485 10.9729403368 24.4720375681 29.7941598302
 0 1.05243265 2.56039585 1.38200337546
 1 1.14668035 2.43473225 1.74529186717
 2 1.14668035 2.46614815 0.745279346493
 3 1.17809625 2.30906865 2.69484800497
 4 1.17809625 2.46614815 8.24408470633
 5 0.89535315 2.56039585 0.757965610364
 6 1.27234395 2.43473225 0.587718589763
 7 1.33517575 2.12057325 0.784769275067
#END
6 -12.1135329517 -2.07571491168 18.3027079934 22.0931551267
 0 1.11526445 3.34579335 6.73354912893
 1 1.33517575 3.28296155 1.6888790476
 2 1.14668035 3.22012975 2.53566621726
 3 1.39800755 3.34579335 1.3480102636
#END
7 -1.61599826172 -11.8785868608 38.293783475 40.2212317297
 0 1.68075065 4.60242935 0.503836568726
 1 1.68075065 4.66526115 1.05588503686
 2 1.71216655 4.57101345 2.05048483821
 3 1.71216655 4.69667705 0.841374766706
 4 1.80641425 4.31968625 1.09512454041
 5 1.96349375 4.41393395 2.89467112579
 6 1.99490965 4.57101345 1.122503198
 7 1.99490965 4.85375655 0.828818194978
 8 1.90066195 4.94800425 1.26626844823
 9 1.99490965 4.35110215 0.545389386152
#END
8 10.8903398175 -2.67298268685 170.591934944 170.972711976
 0 3.18871385 5.85906535 1.05453136851
 1 3.40862515 6.11039255 1.04334816536
 2 3.40862515 6.14180845 3.87467460591
 3 3.22012975 5.73340175 0.880666509086
 4 3.25154565 6.26747205 0.938093866502
 5 3.53428875 5.98472895 3.53271950804
#END
9 -2.13844780663 10.0565378778 112.470901179 112.9620201
 0 2.96880255 1.86924605 1.26133528736
 1 3.12588205 1.58650295 1.6332737539
 2 3.12588205 1.86924605 3.16940032619
 3 2.87455485 1.90066195 2.72300243253
 4 3.15729795 1.46083935 0.945500989604
 5 3.44004105 1.61791885 0.673359757323
#END
10 -2.71068197546 -8.93853425076 14.496222584 17.3692885438
 0 1.20951215 4.44534985 2.51377186551
 1 1.24092805 4.38251805 1.66941353867
 2 1.30375985 4.41393395 0.549003914868
 3 0.89535315 4.66526115 0.668265169336
 4 1.02101675 4.69667705 1.48003093259
 5 1.33517575 4.19402265 2.60450297271
#END
11 -0.058352279407 -5.87942154908 -265.591843957 265.658815415
 0 -4.57101345 4.63384525 1.71354201155
 1 -4.47676575 4.66526115 0.982147808763
 2 -4.57101345 4.50818165 1.07883865423
 3 -4.47676575 4.97942015 0.670926551063
 4 -4.35110215 4.82234065 1.49556562853
#END
