  0.56317998724764418      -0.12582037041545824       0.26133837268066179       0.64867556881935573     
  0.39660304900654397       0.54893907715433465       0.25073294552904640       0.73550994811899839     
   1.1033923754997386      -0.29343697770535027      -0.22240539745211479        1.1715476686467521     
 -0.79832553747663504       0.35262611876918620        8.5493983740610027E-002  0.88795149055644818     
  -1.3509305746720872        9.9120088971629772E-002   4.4991209017983202E-002   1.3624764964616820     
  -3.3058029291215139      -0.55263233303216430      -0.62476325916876885        3.4122638257626181     
  -7.6775773312078055       0.22545244372256937       -8.5579205387950164E-002   7.6826314545441576     
   6.4399814275180978      -0.14012286471356533       0.25144418589853196        6.4479220813775155     
   15.157234721606150       0.10793449029535997      -0.17726531620508690        15.159298039067894     
   10.600006973842611      -0.27203225633311268       -5.7601333804226391E-002   10.604571990068891     
   39.359790656902334       0.26462431113206969      -0.29706506453832798        39.362048651190491     
   2.1710109748198008       0.18744215449866888       0.13104526323928326        2.1874816250630720     
   2.2440302110060957      -0.24677425484356091        2.2465318845890161E-002   2.2619800167579958     
   7.1350125601988772       0.81044909912998042       0.29668671082873532        7.1883749739255203     
  0.37828948598332518      -0.13003218116162196      -0.15767265475729667       0.42996740504530218     
  0.93092508753533154      -0.16838413985510681      -0.53898816804582395        1.0887988714408197     
  0.86827393702240618       -7.9177912619713964E-002  0.29175870216632249       0.92993101719911542     
  0.40224285199122767       0.23807173267977544       -1.3205786085401794E-004  0.68275391483203218     
   1.1624845229763645       0.29159141865999350      -0.26602877636303124        1.2355755405271449     
  0.80268518074287099      -0.11055389440175264      -0.12992772823544013       0.83239813936362927     
 -0.16068474926611614       0.12061525979767940        7.7546114571496710E-002  0.21536255344862540     
  -4.0298338316782575E-002   2.6179730876469756E-002  0.12170984420489139       0.13085343157990617     
  -1.0095665249742998      -0.28660197814770960       0.22197476869061100        1.0817198551668146     
  -1.1169558006808822      -0.49849552808963576       -4.3978120605424054E-002   1.2318692756100464     
  -1.3599051413047827      -0.23638687581712978       -6.8587606184365990E-002   1.3890301627494868     
  -1.7710713996271192       0.11930682052621447       -4.7657973464724918E-003   1.7750917533540587     
  -8.5689031026754243       0.47720214097461566       0.25649432630719210        8.5860125556523084     
  -12.181733840715665       0.94226034049579233       0.26951954023368807        12.231057830697893     
  -18.487337305333632       0.14125088516885309       0.51781236137466791        18.501712435753991     
 -0.78116589717651008        5.8109846064697268E-003   6.4534512243665729E-002  0.79617737635793551     
  -2.8598471820462206      -0.15320165936322638       0.17045635996428032        2.8724087119770454     
   4.3125492694094894E-002   8.9347450996364944E-003   1.7214325656371338E-002   4.7286052889911501E-002
   1.1638845008168863      -0.21191288035213313       -7.8247167614580532E-002   1.1856039892563679     
   1.5855260781045828      -0.13841163826022587       0.22724515392800648        1.6076974485080648     
  0.67831939308096523        1.5640400786700592E-002  0.14440089629230485       0.69369549516810225     
  0.52422007726577480       0.24049922553586317      -0.15913599490182662       0.59830663690559138     
  0.31988075647611069       0.19664937053979881       -3.6351969803484901E-003  0.37551017024111860     
  0.50372292944709762       -8.4242304277096725E-002   8.4771519472933043E-002  0.53618984594491403     
   1.8722409017752883       0.21349916772695959      -0.15320885327868822        1.8957374888215457     
   2.4434241611342087E-002  -2.0865105086239861E-002  0.40911570953583026       0.41037549702971693     
   4.8724769625847618E-002   4.0594709170853803E-002   7.6802232317483149E-002   9.9602291523372036E-002
  0.23307644897753449       0.11078542272722362      -0.18973680941172180       0.32030937826196559     
  0.16903145712374515       0.14338453192570466       -4.1237937139020145E-002  0.22545803368345893     
 -0.15495749579794882      -0.10830514851596819       -6.3294098621461500E-002  0.19936893845165682     
 -0.31942187732589405      -0.16586597042045939        6.0272028233726585E-002  0.36493091571601105     
 -0.37247483523440467      -0.37330909927333272      -0.10491716576528665       0.53768466423674810     
 -0.19366769354552416      -0.17752317857938271        4.2297493264061944E-002  0.26610286054943838     
 -0.86978641909703491      -0.62487339598051961      -0.23186976814343482        1.0957913876412613     
 -0.13085367048003166       -3.7953170260103794E-002  -4.3541458150242227E-002  0.14303490758810741     
 -0.66058521536468340      -0.55534808056657614      -0.19793786844939576       0.88541725593850718     
 -0.23189011350633784      -0.11689297294113386      -0.10483488127528022       0.28004882466634456     
  -4.0580249880807928       -1.0311194269022186      -0.54793825523429618        4.2226781084961331     
 -0.39259095870418420      -0.10691003024172299       -1.1614267867898813E-002  0.40705319878446328     
  -2.9851423456681818       -1.8652628624095155E-002 -0.32735931516469863        3.0063377472567878     
  -4.7091157344285879      -0.24204948318883132       -5.0897925477960820E-002   4.7176720250853430     
  -3.1906795126172649       0.15262499301524465       0.12010650603339158        3.1965850080234057     
  -4.5000118906305504        6.4664090911085659E-002  0.22437855768750992        4.5060663774094163     
  0.23078107917373186        9.5369946608283726E-002   8.7200152199436137E-002  0.26449801466979672     
  0.15926385022361672        4.0666513128611706E-002  -4.9632654139617517E-002  0.17170363896852348     
   7.6113324526834225E-002  -3.2600167230170195E-002  -4.9917103112446612E-002   9.6683640069563356E-002
  -1.5945943422743802E-002  -2.2023149046746099E-003 -0.16879276292106848       0.16955860378379134     
   1.3800983986788445E-002  0.29644365043641452        6.9640496836934573E-002  0.33525943497948851     
  0.41162055544581666       0.13223041405369285       0.12347454748142861       0.47078881979299103     
  -1.6754755814410396        1.2672225574438561E-002   8.4383626676619736E-002   1.6834427197434716     
  -11.842180914315625       0.61915371740384983       0.14520220445087728        11.860065918797991     
