   2.3599002908497306E-002  0.13478193454807094       -4446.5303507277858        4446.5303550235931     
  -6.1500251857116835E-002 -0.18380709591557315        59161.497954394377        59161.497954876511     
  -7.9537928620338538E-002 -0.29742713662695425        7654.0165091910194        7654.0165166556608     
  0.27054902522651780       0.14514329441916646        1885491.7925578393        1885491.7925580977     
  0.14358875317049472      -0.20455837756980677        38738.459384350899        38738.459388301788     
 -0.41681144729839315        1.3550909703940923        33.196372011006765        33.226925795184478     
  0.56685799463744413        7.4312258046785956E-002  0.78211134996582943       0.97878917363534867     
  0.84081592605600242       -8.9600478453089327E-003  0.30974650269404475       0.90690373513289457     
   4.9890047249998182E-002 -0.24077476883728488       0.13996668786580371       0.31548686935493586     
 -0.23925216520560177      -0.52560268547064237       -8.9104249605770111E-002   1.1053460732853433     
  0.49063534721418567        1.1655083218600537E-002  0.29970901876199812        1.1015789421226683     
  -1.3187595272585280       0.90903694501707122        21.094280211400967        21.175857108512599     
 -0.41281822929314932      -0.33092492914792582        125.47950697636061        125.48070003396778     
  -5.1984469148271657       -6.3927994107319304        2385.6184415858811        2385.6326750044868     
 -0.71748586049267482       0.89712020837202777        14.861749014174656        14.914249406141714     
  0.19099447191455168      -0.26810486989047022        4.0439299403830855        4.0597054397071330     
  0.81288003074258908        1.0182410609424966        22.779889847159730        22.817546976750165     
 -0.52588303403683012       0.97391435543408011        13.509717454374282        13.587416179212781     
  -1.6842092466356928        1.7546565525550579        5.7291807009829583        6.2943818204247073     
  -1.4772280321199418        2.2116028804799246        4.7820786712728029        5.5519778604539010     
   3.6869061527910811       0.93982510596318181       -3.5175842807457118        5.1835728186586492     
   8.0835966656323777        3.4907254692279537       -6.9598643596796332        11.234458252148984     
   3.5284528578468848        1.4344369213734962       -1.7682761622231276        4.2282419984355046     
 -0.34878238370401726      -0.55367421667957839      -0.90915261488224264        1.2240930220147570     
   1.0253515847226160       0.11901559708530750      -0.88327603370984176        1.3657111412260432     
   1.0123867479027342       0.15172625829620012       -90.470691240343470        90.481361136287319     
   10.828249434279156        3.0239481010692000       -90072.428191226325        90072.428892965632     
   14.891444949821960        3.6445819049678461       -122429.43289511520        122429.43385508691     
   3.6601120012127280        1.4037317848194177       -31042.397063303004        31042.397314741764     
   2.5419179975241124        1.0492888521667203       -22767.594868100066        22767.595039527820     
   1.8808613999247936       0.19580676205226588       -15158.531143661752        15158.531290652594     
   1.5859078583115820        1.0967767696992727       -15649.101136005927        15649.101282927259     
   9.5997790576136346E-002  0.44080010608058512       -6243.4003796209390        6243.4003974798043     
 -0.11893162031232254       0.41867298323343888       -472.20403400338444        472.20425521235143     
  0.12674980300367944      -0.43676681345961071       -299.75186994122220        299.75224743745656     
 -0.85124522637008626      -0.56223681336342313       -357.72554131982849        357.72702319089478     
  0.17119534524187219       0.59557873047635135       -15.187452272768519        15.208102096187085     
 -0.35144465230114341       0.52948337180553207      -0.15189130386583349       0.66814424920049253     
  -3.1831023019702127        2.1389974928794553       -2.4763961661973282        4.5672166903059770     
  0.83376982697299562        4.1837751400251522        3.6384337268675613        5.6086385439222619     
  -10.788657313791097       -12.120649609225858       -108867.62222561619        108867.62343499667     
  -6.4347612310710769       -7.8080632051305230       -66979.289880224445        66979.290644576235     
  -6.8367640892504173       -7.5243032611217400       -66111.867792824196        66111.868574650245     
  -1.1049175277163061       -1.6872963677919013       -12953.451303769310        12953.451461537745     
  -1.1777945078888694       -1.6636789938107706       -14424.617549336917        14424.617694037721     
  -2.1340056719822660       -2.2691170562389584       -24570.493196078965        24570.493398568749     
   3.8124256631014444E-002 -0.11772712347925443       -100065.12357322786        100065.12357340171     
  0.60266205866166789      -0.19087046897617191       -119683.03214935660        119683.03215102616     
   1.8939426637695621E-002   1.5394708984897143E-003  -10933.369355131266        10933.369355147775     
 -0.53684821076717293       0.11937781929709219       -381599.39330498205        381599.39330570289     
  0.49215332035424209       0.33525472626738567        82988.029270103769        82988.029272357657     
  0.17395950960303863       0.19264261261846116        3309.0258128500200        3309.0258259736511     
 -0.54631083511560508       -6.2112768947287997E-002   11084.864972407448        11084.864986922434     
  0.22586355598960758       -5.7624590439229212E-002   2667.6233195701220        2667.6233334054191     
  -1.2898572287073529E-002   5.0846532525483892E-002   4241.6687614830571        4241.6687641036688     
 -0.13018343150101661      -0.43239745557263648        4375.5520055685811        4375.5520310962247     
 -0.26891527790212633       0.23132595168162223        3882.8753286650444        3882.8753473762949     
  -8.3038761928995911E-002  -5.1182821223933056E-003   2017.9657789573630        2017.9657854989548     
  -8.6840944206639875E-002 -0.11127724999623814        144.35577016526486        144.35590664661984     
   1.5193943834220444E-003 -0.25548188593307747        264.69654197203204        264.69670206679803     
 -0.10072710429255734      -0.17593871499229202        415.40974654381881        415.40981945997100     
  0.28347330158570477       0.10964010288978256        272.53409910083013        272.53426858060618     
  0.15044591093010015       -8.2389824816473112E-003   215.26576281392263        215.26581554374340     
  0.34885855289766898      -0.20361671801383874        123.82461334365409        123.82883680123999     
   7.7434473798588421E-002  -9.6490921380886427E-002   10.060719640014504        10.062448313184769     
  0.12743005099163618      -0.34917648527966161        120.75423076626596        120.75488350527809     
  0.15903434012159579        9.3721149441152063E-002   53.914027025822207        53.914523697248576     
  0.49723441809589897       0.23736016491756126        1476800.3415281244        1476800.3415282338     
  0.14205524386317969       0.66787171934077949        1772641.5653250208        1772641.5653251582     
  0.23601425029782547       0.69371611046533610        6327.8133316939793        6327.8133741213342     
  -6.8511074678302454E-003   7.4936617453647394E-002   963.70425506283073        963.70425800067915     
  0.18161063412803771      -0.25202173313376081        603.23444597288267        603.23454210230045     
 -0.35957107355576456      -0.40196315891222900        2978.8916872144550        2978.8917393052243     
  0.75526270620063607       0.64257055022675591        303.23705762277638        303.24013056483682     
 -0.24694324251362954      -0.34170263568851084        523.75194957415817        523.75295968135651     
   4.7050848048991400E-002 -0.14739416811305731        292.44710041226278        292.44717464552144     
  0.36959084228052796       0.53358703159243670        47.627403339716757        47.632030622050358     
  0.38365169785573672        1.3227002371654601        204.80607369457556        204.81075173563391     
  0.31413924438915036       -8.2234475386500847E-002   45.543472968878881        45.544844448364387     
  -1.4311520615771331E-002   6.4491308314305801E-002   40.434684956595262        40.434979798096627     
  0.25619295555807814       0.24477542994147339        62.395270634575866        62.396432808201830     
  0.10244799341690762      -0.32122752732400861        22.951504445661481        22.954405215988167     
  0.11539082267754035       -8.3066511108659369E-002   4.8875176399216764        4.8915767961539292     
  0.10388578538485663       0.74564438530821486        61.711308059072984        61.716057877609579     
  0.32381407776911064       0.60572571699392497        65.285233123029528        65.290711928187022     
  0.18414534860815029        1.0567338813381151        32.245269867107886        32.266881872409023     
  -2.0400679160173588E-002   1.1084614921054656        19.778834296503408        19.810372762283659     
  0.14259697038179728       0.22004895087761769        2.6969442640525281        2.7132533212087373     
  -1.3863478407468339E-002  0.62339090296001876        5.2125008213160120        5.2515191146035995     
 -0.11984569456263600       0.25178997002422576        4.3460578723479371        4.3572307712820857     
   3.1056096708801176E-003  0.12649298812078857        1.7508386830390175        1.7554048578265229     
  -9.7340198070454451E-002   8.8137868930004637E-002   3.3943620910673178        3.3969011471302513     
  0.42492498550285340       0.19088094194946048        3.7943684845674976        3.8254030844975233     
 -0.13181701075818289       0.64602390058194925        5.0646660428793204        5.1093095928161576     
   3.0856966274436737E-002  -5.0284114591879481E-003  0.18619799969554485       0.23479122061969598     
   1.4595725206539210       -3.4223176486421480E-002 -0.11678869598180536        1.4712724265974646     
  0.17476317494186139        5.2896064818093030E-003  0.18943150648975635       0.29314540385868354     
  0.45613075804054121       0.30225197559652806      -0.66826757108448187       0.87491305662093999     
   6.5264543369419684E-002 -0.15522359877173833      -0.47207624295607670       0.52027837769831764     
 -0.20255861486485957      -0.15868284199208477       0.19749656435807555       0.35312167114452059     
  0.36322890865382862      -0.46563059077603175       0.67473786376327483       0.90746793708875206     
 -0.41129362235681349      -0.88661863602198010      -0.33181483321486721        1.0321609046433970     
 -0.16308338696065586      -0.20846049084271651       -5.3098685943423464E-002  0.26994710184379389     
 -0.70815081253516865       0.51153736313238563        9.8241188634333749        9.8752266024654904     
  -1.3409340359834121        1.2802536721170856        15.536074027410576        15.646923963639292     
   7.1495181883525188E-002  -7.0653960949885464E-003   7.1626962310935340        7.1644161356439966     
  0.43160757278232209        1.0234981360386952        27.301387639748761        27.340079575233208     
 -0.10650498140169434       0.15659985267512708        4.7862020224887836        4.7919804267021968     
 -0.13037640615245152      -0.17573696435948052        2.9273781874814664        2.9388610592142310     
   7.2619183091291645E-002  -6.5117334558511680E-002   9.6263522385889804        9.6278580701680436     
 -0.40699482475795240      -0.25125576369800778        23.620311703681477        23.625566215651709     
  -1.1951287366495860       0.31981562327444396        215.77976279902333        215.78335461318079     
  0.20497857940550371       0.11607862370807501        128.37789770389855        128.37818969405370     
 -0.55241431905716643      -0.23347928996867967        215.65922977180048        215.66010882801177     
 -0.24186298629462177      -0.40353582640851421        232.33825505990907        232.33877330944054     
 -0.23845722927316026      -0.23339344554407596        127.56065362302797        127.56116637468331     
  -1.1305113059829559      -0.15176692382860407        28.552733811724273        28.579771484308726     
 -0.73348413209704566        1.2591276312746200        31.271071344230421        31.319101139156697     
  0.16140698870714446       0.18652878318333271        15.244440307194289        15.246435828827993     
 -0.14802549154883318      -0.14610088493700807        3.6000229476851953        3.6060258233389981     
  0.88605457290609380       0.60018138323106429        34.677316738076897        34.706546908857888     
  0.21066635070405892       0.74289573515679375        14.824868179455777        14.845621263785951     
   6.7205270477084647E-002  -8.6158944714577718E-002   1.2254484179034129        1.2382017291121044     
  0.11163716275591853       0.23191934697485311        9.6588041252953705        9.7078081128199223     
   1.2623596454300173E-002  -1.7359135101664147E-003   1.5994297829156081        1.6055584025380780     
  -8.8699748645875071E-002  0.13661568491056381        1.2978063512044100        1.3154134714605625     
  -1.1507050026644887        1.6042604804412750        6.0751817658641381        6.3894512256883891     
 -0.23795847367370238       0.35630102684056542        1.4761033544173436        1.5433520514590613     
 -0.37353451639058916       0.59784504390554782        3.0025877273974566        3.0873871764123466     
 -0.29912388995424644        1.1094628909478381        2.0240876503792604        2.3316932922769946     
 -0.12619950395330923       0.43443944492105496       0.18317036530033642       0.50763679311652965     
  -9.9488533964008960E-002  -3.7458792083572418E-002  0.46993589480156700       0.50161804155913048     
  0.18665073016989747        9.4756457606394687E-002  0.17702574203257715       0.27414484250711901     
  0.30560531280641690       -2.0265672364959075E-002  0.28398878148940193       0.41767802516262137     
   7.9892762112069610E-002 -0.11542751892350467       0.35335409806953710       0.40502502278904673     
  -1.2562480145872138E-002  0.15325957238252438       -5.7575419286429924E-002  0.21550180101404692     
  0.11804625421519130        6.1426837572516296E-002  0.14799292800844016       0.24308407218266939     
  -1.4940736400570958E-002 -0.17358365186984021       -6.3137915243236309E-002  0.23199286851522682     
 -0.37593509209524156       0.43376254821819843       0.23815724109783698       0.79616043740739584     
   4.0119251805081193       0.79147465019390317       -3.8995605921029668        5.6505352478660926     
  0.73498153306921199        8.7215177095493396E-002 -0.69355653690917052        1.0143101157722960     
  0.79651063355109397       0.54940915742928786      -0.78431036244165020        1.2533563504289105     
  -6.0086042224839986E-002  0.40218044894007476      -0.41929884912757104       0.60054205161636343     
   9.7137807990295606        3.7861700932185811       -8.7833281187783232        13.641228507304616     
   3.6240669687512481        1.7494411340938507       -4.0256382326898370        5.6938254838946012     
   1.7654347375034529       0.56354631397565447       -2.0420539025789779        2.7611244423816661     
   1.0474074152366097       0.35901534125473267      -0.97031713213727999        1.4788338076227510     
  0.14524336573537402      -0.57700481673932524       -1.6130498069014094        1.7887428080568755     
  0.43599730331418152      -0.16564473539263447       -1.8790374925487128        1.9410805006913774     
  0.15204439240965947       -7.4175451862068587E-002  -2.9609554328078098        2.9690665797344877     
 -0.17341385559613154        1.5384441503048130E-002  -2.7248478772701721        2.7339686877352563     
  0.50724209889601246      -0.61324040655519563       -13.034174153120162        13.059193465979824     
  0.67139838077629510       0.33490075575204215       -96.693821065858273        96.696832659622459     
  -6.9122884952577957E-002  -4.8344892499507158E-002  -32.890091370426248        32.890495668836344     
  0.71711484612649878       0.53394119633784398       -89.507907617003440        89.517303716446932     
  0.55540874980870991       0.41879974760404509       -57.399274094575844        57.403658580939791     
  0.96862581579124230        8.9115242051645782E-002  -75.332418424085560        75.338827459045234     
   5.6155941860325229E-002  0.17894099145314121       -13.384948087614735        13.386261938135299     
  0.18335121894985987        1.1356006968434191       -63.818331732514942        63.828697869637651     
 -0.26957914850738102      -0.15231306026703639       -29.882414466423732        29.884344501990807     
  0.23104861405317115      -0.22053162924392281       -55.083026668657055        55.084129515010375     
 -0.28793129997637784       0.22580120705892825       -58.398481410628584        58.399794532781080     
 -0.23752705870372115      -0.19929810604860232       -134.97629025582609        134.97671854749100     
   9.1778060485579321E-003  0.12835432606740482       -110.05036297694411        110.05052671481039     
  -1.0083028315581688       0.27134191145352321       -553.48473151255394        553.48573405133209     
  -1.0995867315631518      -0.31290706441358151       -695.33269672367521        695.33365056972070     
   14.783732293446738        3.9251749191628105       -117969.05489528159        117969.05588700445     
   6.1496035813441683        1.4642554113062622       -49578.905239139916        49578.905642347163     
   7.4316585169594829E-002  0.21348692402199035       -3271.8617313132072        3271.8617420990245     
 -0.47742594943540573       0.12387920568742353       -942.38944462662926        942.38958403892946     
 -0.37823727119822947        2.3145237157434412E-002  -400.77189736961401        400.77210082559475     
   5.0273370924649563E-002 -0.79791783525802307       -1313.2532457496045        1313.2534965313969     
  0.18507749289039438        9.2100228473816798E-002  -206.00448905552167        206.00459278170723     
  0.17858209264100217        8.5870095870432442E-002  -380.14325811485105        380.14330976016328     
 -0.65846730441297840       -1.0932532621981219       -776.64726744428276        776.64832858272632     
  -9.0237451345766204E-002  0.14564220616927154       -54.110867852586836        54.111319093096029     
 -0.70811774967635432      -0.86480950539033308       -339.48787501094449        339.48974371173512     
  0.15347362916127341      -0.13074457838876724       -64.557747364429616        64.558062184897906     
  0.24830850479962258       -2.3458331103098473E-002  -79.628221699857448        79.628612310453477     
   2.8678693908141782E-002 -0.10227056017963815       -72.431215424988309        72.431427774557420     
   2.9993785128656997E-002  -2.5613534002964081E-002  -122.82255937332334        122.82264500685005     
   8.5769591389756775E-002   7.6920157637880085E-002  -3.8460223300981138        3.8477475095270406     
  -3.2274710715387803E-002 -0.18143243270481590       -76.672978682233406        76.673200137928291     
  0.29570176250376667      -0.35341403237587754       -54.354673528111164        54.356805968922387     
 -0.42822303681602863      -0.41466119178649885       -35.596259694834799        35.601523884803782     
 -0.15958584891084637        6.4122288246782982E-002  -7.4595050798837494        7.4627927167203341     
  0.55014772460865746       -1.6422426857367972E-002  -5.5416194909485395        5.5706335889516838     
   1.3852733186242827      -0.67770675811764503       -19.050859422546448        19.113686016564607     
   3.1587192679565326       -2.0433629270647236E-003  -33.299328453207409        33.462002014353239     
   1.6625543980026891        1.2784696074740625       -26.432698894853548        26.532412900345964     
   1.0263740436552751       0.44500789011118724       -12.639000741625880        12.689180242689835     
  0.42021146359940320       -4.8460732929836853E-002  -3.0133645027089324        3.0461076028043892     
  -1.7096455407788841E-002  0.16396114468575290       -1.0667625338039621        1.0884105999952509     
   1.4127199114458602        1.3791794054773308       -22.301958379255176        22.389612339556454     
  0.29425633014446373       0.79294657279272296       -3.7851518461358435        3.9097783202426446     
  -2.4972021472528624E-002 -0.18518587993902835       -1.7154505442453583        1.7312330191620402     
 -0.66207727853797294      -0.12678576263199789      -0.33982701204915788       0.76771292510982547     
 -0.16492515515129319        3.2243626572814148E-002  -6.5865927007578567E-002  0.22816236213892266     
 -0.41342119430921587       0.52445027273030698      -0.83346105710161145        1.0770804478198865     
 -0.20256447484160883        6.1927308843847922E-002 -0.28529646067152553       0.38176067558117799     
  -2.6519096692866597        1.2270747971677218       -2.8369836918645133        4.1793736986186687     
 -0.56731450713153697       0.39367078484658974      -0.87736734173167830        1.1252002817636246     
  -2.1449336928004139       0.99504927612414551       -1.3963345143144827        2.9018897768853087     
 -0.24124888611268530        5.5617558125853159E-002   2.7928636065542856E-003  0.28422160862541551     
 -0.60832410972088269        8.5389210721772774E-002 -0.39127692345935283       0.74157060048737644     
  -1.3927834582884622       0.24470411637731920      -0.62685140504370840        1.5531092476574997     
 -0.80734411008113660       0.20300817379711630      -0.88376280920014572        1.2221020082368230     
  0.20269649846322857       0.24652562631902730       0.32336052205141674       0.47529208602985074     
  0.37022932181630480       0.23480529323742411       0.15920524598344540       0.48685662336413077     
  0.78399476548331815        1.9012871139712517        1.5902983124700807        2.6034724868151691     
  0.81558116651390378       0.79140513770630638       0.65114530579276908        1.3996877867639186     
  0.84298625468345700       0.51720851973490867       0.67443131973297321        1.2948471120207117     
  -4.6736253847194540        1.1840403189986113       -3026.7749387275908        3026.7787785755208     
  -9.4433610538565169        2.4659882873802346       -6081.9186616556281        6081.9264945115037     
  -33.839609517732185        9.0145708731820022       -21531.120092947742        21531.148572662772     
  -7.0014924525891518        1.9080258565166239       -4830.4687802924827        4830.4742332735159     
  -4.6244581070500708        1.3122756113118217       -2806.3258565437745        2806.3299770814547     
  -18.529828211643629       -21.777879207437866       -191440.27019183181        191440.27232730348     
  -24.125119562874136       -28.252399259516739       -249663.20397152676        249663.20673568954     
  -2.5320201868346857       -2.9553422211299534       -26478.787748935283        26478.788034922203     
  -2.5082373159580569       -2.8438834222710199       -24986.055197934376        24986.055485673423     
  -1.6600101418571647       -1.5278973741136770       -15888.707253803594        15888.707413983522     
 -0.52808014755482491      -0.49622173296951827       -5668.3197205466158        5668.3197668658649     
  -8.0904227840467247       -9.6676506878449011       -81971.761945551945        81971.762916411186     
  -9.2694488582951901E-002  0.15207460122840358       -15498.783569396543        15498.783570419817     
  -8.1892541693977250E-002  0.27794024194298245       -42756.648247923084        42756.648248904894     
  -7.2191989260391221E-002   1.2693655938760755       -2282358.5668852627        2282358.5668858099     
   7.2829518654599495E-002  0.19689889060500454       -494437.11643717281        494437.11643723707     
  0.13542795727673951        4.3706009932830969E-002  -376809.92345592903        376809.92345595581     
   2.7108243920704236E-002   1.1026813757023303E-002  -12481.792597190582        12481.792597224881     
  0.35260192825409181      -0.12592104956164482        147741.07340271090        147741.07340318529     
  0.12887341175366410       -6.9994067192431703E-002   33452.034722659024        33452.034722980483     
  -4.6615191418106314E-002 -0.14423044735869439        1548.3510286062485        1548.3510360255602     
  -3.3118470416898818E-002 -0.19259722436603716        4240.1685036832823        4240.1685081867017     
  -5.7953851721088072E-002   4.9652517173745504E-002   1117.9460518555632        1117.9460544603496     
 -0.59202978025490982       0.17278431255231422        5737.8487634998637        5737.8487966441380     
  0.15599866672844026       0.11743386938525086        919.27779513521648        919.27781587230902     
   7.5681147754995154E-002   2.0999564855569301E-002   989.34539918449354        989.34540230201844     
 -0.40115958339321178       0.27366458499242768        812.26441109145196        812.26455625433994     
 -0.29815608220282352       0.26565916637921344        881.25969968013169        881.25979015960888     
  0.11769875548074972       -2.7249422493337706E-002   75.938780277295905        75.938876377857284     
   9.5621083193514769E-002  0.10794964957113855        90.013158032705405        90.013273551955592     
  0.31445422031832360       0.43173868994406012        171.03742440373480        171.03898240414455     
  -1.6496291411239004E-002   6.1025727046999678E-004   17.631708142899608        17.631715870454492     
 -0.12574887057796824      -0.10995896764943994        18621.708641400575        18621.708642672842     
  0.25869274455834651      -0.46395025344344282        59372.885681035928        59372.885683576242     
   3.7423866962214745E-002  0.15478820857880754        38.644157719870876        38.644485839684677     
  -2.3319677515259672E-002  0.30208280445333829        124.02234180699610        124.02271189229612     
  -5.0455773007334032E-002   4.9018874550858585E-002   3.9350508081553928        3.9356795471502015     
 -0.13201298529598571       -6.3941945608468803E-002   15.848920723320731        15.849599493198570     
   5.8371416289009083E-002   2.7963699918842330E-002   8.2873684648789077        8.2876212065599404     
  0.75203364497109293       0.70730970195567378        86.899566368324258        86.905698758024144     
   2.0714668246481584E-002  0.25832335946060370        4.8666343884822014        4.8735295553306255     
  -8.1389325754277375E-002  0.12065530968580881        3.3893993104862230        3.3925226030236852     
  0.43320782751131892       0.28637951991658395        2.7006798704344592        2.7501552708555601     
  0.25843159100566659       0.12175970640401428        2.0512720457273144        2.0710696074530266     
  0.96180483447732890       0.48551984350956851       0.39728714476952820        1.1483183937674437     
   5.2568965471431750E-002   6.0223174001333556E-002   5.2264891268355609E-002   9.5508877476517942E-002
   2.7465114992951438      -0.14236571976896292      -0.92993499095173227        2.9455131862244635     
  -1.3594627601844753E-002 -0.35239456514612094        7.5691854814802118E-002  0.36068823148179041     
   8.3670571985367578E-002 -0.14657952419104189        2.6024484035419009E-002  0.17077352048177905     
 -0.70607960091671640      -0.37695569613795871        11.509282623585536        11.537080675337652     
  -3.6049792062277375E-002  -6.1804406950230303E-002  0.89072470676548621       0.89359379780114012     
 -0.76227012443697706      -0.69812569619476228        44.516913679201103        44.531693367540370     
  0.16174488458707142       0.18454274478543983        24.626438659183627        24.628056729100187     
  -3.6224452205532165E-002  0.64202771970621442        101.69615887748199        101.69828770447793     
   1.5345623629745946E-002   2.2584273376550515E-002   23.335412558779193        23.335428533155294     
 -0.20605000600912582        2.5383610109127479E-002   103.21296215671740        103.21317095262899     
  -1.3319764558080288E-002   9.2436899866674888E-002   40.505391325855982        40.505498990350873     
   8.1450566704945132E-002  -3.3493709591360318E-003   41.638935202023610        41.639015000014389     
 -0.55521766738056144       -2.2107514627967135E-002   6.0227644080076725        6.0483424601074409     
  -5.7339023475782187E-002   4.2147298149245734E-002  0.90050208578797086       0.90330956203447976     
   4.6038947538540695E-002  0.11152402218972178        2.5091255310088147        2.5120247058052776     
  -3.9998119621025480E-002  -1.6529896108964322E-002  0.68130797060107584       0.68268121245801594     
   4.8812568838962206E-003 -0.12075138244773957        1.5189901200440259        1.5237899159080921     
  0.10612724083810132       -4.2963414044710657E-002  0.98830597073265358       0.99491584467235594     
   5.0879816860660829E-002  0.13214706355063599        2.4782430696588582        2.4822853007825270     
  -6.0538529753246251E-003   5.4595155204917062E-002   3.7127446096297505        3.7131509283144539     
  -1.3866912731980412E-004  -2.0242132008012920E-002   1.1565683854626936        1.1567455179896493     
  0.11529853665867912       0.20327062680696670        18.439907762002608        18.441388531546178     
  -5.1382003993435711E-002   7.3167095801256660E-002   6.8609012592402783        6.8614837770913146     
   6.9304175322137937E-002   1.1371770484998146E-002   4.5025206265269198        4.5030683292818727     
  -8.7312486006678666E-003  -3.3804478991840407E-002   1.2154667418203768        1.2159680826294252     
  0.24593545458984778      -0.16791040789204120        5.4340137633052148        5.4421671908067406     
  -3.1255102940305098E-003  -8.2054552809609160E-002   1.7082284634822988        1.7102009244245213     
  -2.0011400567611266E-002   9.2748457847323454E-003   4.7582219503306447E-002   5.2445653107467641E-002
  -2.5198286823623073E-002  0.32227478563667722        1.1686064927277391        1.2124921137728841     
  0.15586091577368333      -0.19378233112969284        1.1942752436686652        1.2198924438505705     
   1.6109457688558267E-002   4.6914093333741462E-002  0.48277931871120161       0.48532083960571681     
   3.0828040413856464E-002  0.10195748619857689       0.18338829363606463       0.21207772940702357     
  -5.4062339810025235E-002   1.3795035502827499E-002  0.10322754633976450       0.11734123705495487     
  -1.1094514097909203       0.96664551334555660        2.4584018914175112        2.8651397590489953     
  -3.3056370629221898E-002   2.4402736705965371E-002   4.4784895367596805E-003   4.1331272257795496E-002
   1.0075711531984912E-002   4.1624325738906724E-002  0.26181653226207025       0.26529606295953584     
  -1.3359225443213316E-002  0.15233198079511637      -0.20627519493729221       0.25677413678917166     
  -5.5534032258653054E-002   1.9267258081306960E-002  -1.2933590382789004E-002   6.0187488177083637E-002
  0.19990755147146094       0.15228880739628406      -0.24457260758107349       0.35067174162242259     
   1.0365561368927803       0.56391593712593113      -0.84716970622593268        1.4526342692576255     
   7.8358581106654959E-002  -6.2796573935292033E-002 -0.12233856297271788       0.15827255264665566     
   3.2301962931893226E-002   5.9219746411396740E-002  -3.1634297152012450E-002   7.4505865075075298E-002
   4.0558505100489507E-002   9.5097020365707378E-003  -5.2420552439587986E-002   6.6957755987506112E-002
   2.2697057613239471       0.79582476798375235       -1.6548990692512111        2.9195191785175929     
  0.65363411393898951       0.62150402057737519       -1.0334239627563082        1.4591591133929165     
  -1.5043471177181742E-002   6.2452486573999731E-003 -0.21154157970191909       0.21216773811924125     
 -0.51303657089397370      -0.50414764471066109       -5.2603799725723466        5.3093284722818010     
  0.11685641715477987        9.6044152821516432E-002  -4.6809880305052332        4.6834313108291354     
  0.40691539316227304       0.19245632025911377       -21.881831264239445        21.886460633209907     
  0.34791404659475245       -6.1669944633920101E-002  -25.679932734797763        25.682363454900848     
  0.56010229058421035        2.0512689920718502E-003  -31.877370475401943        31.882290808686410     
  0.39193427793041957       0.26997501538492447       -15.719315218899442        15.726518048769488     
   5.3876544355197065E-002  0.10843885176078076       -5.1583952537622588        5.1598162041529969     
   5.0205869551774515E-003  -3.1962331978225129E-002  -12.511352302943493        12.511394136759034     
  -6.8200930728765180E-002 -0.28240309421700777       -32.094554050250089        32.095868932917213     
  -5.7869728826133060E-002  -2.1973977614380115E-002  -33.804480588226703        33.804537263524281     
 -0.11367230449544312       -3.6789718644446509E-002  -275.62292430895974        275.62295020462051     
 -0.36882436373521582       -6.6921058579455947E-002  -157.57983889344709        157.58028472979768     
 -0.40385033301962980      -0.18954851686327695       -152.81860518012238        152.81925635511331     
  -5.7258103381925954E-002  0.19890347210483095       -164.09585910536219        164.09598964206432     
  -6.9614051975639607E-002   4.0840986814667343E-002  -131.39160533057313        131.39163011945439     
   12.231231775002954        3.3616051399487601       -100783.78238837638        100783.78318663685     
   14.450638573885673        4.1044205783480212       -119928.10023231347        119928.10117315732     
   2.3609011790367820       0.71192585392128127       -20237.717225944129        20237.717376175806     
   17.862829747569055        5.0047935001091730       -151761.72109033293        151761.72222411237     
  0.49142523010872402       0.54383449470519685       -2071.5672829031600        2071.5674125766450     
   4.1487103022703829E-002   1.6658072765722495E-002  -227.01317265932275        227.01317706142649     
  0.36473623567116353       0.70047058828485964       -1406.3519706070285        1406.3521923479341     
   2.6344159774419000E-002  0.12303831078685926       -160.74150379365724        160.74155304179135     
   6.6691056024297965E-002 -0.15595876847912227       -115.38668758351770        115.38681225482716     
  0.12481919782830039       -6.8014595485952942E-002  -55.040730243352627        55.040913796364762     
  0.17432325126085618      -0.21506757838443225       -82.938400399222203        82.938862443615093     
   4.9714869336265725E-002  -4.5514235383739998E-002  -51.784492181590124        51.784536047154312     
  -8.3635428999977335E-002 -0.14135011562005140       -29.379842987323769        29.380633561665540     
 -0.74949484289389501      -0.72861562521412937       -262.98724257709074        262.98935693547617     
  -9.3198445688573522E-002  -6.4006647243966791E-002  -57.515975325757360        57.518239506292261     
  0.28532783250490507       0.13832540932037554       -20.117873496160811        20.120372260432834     
   1.7298818163374863E-004   6.7839050152487083E-003  -3.9946014539981989        3.9946072181851244     
   1.2175676107882612E-003 -0.11844749745117736       -3.7656745746784632        3.7675371656432488     
  -6.7284920725306976E-003 -0.24160456549074036       -3.5291286806626774        3.5373955508746020     
  -1.0786813132850978E-002   2.4846323109663920E-002 -0.23859516588828703       0.24012777493428794     
  0.32817865601575408       0.36770238684361306       -6.8009546639988292        6.8187895272784473     
  0.86021166148215900        9.7421541957217417E-002  -8.6642496107245730        8.7073920536707323     
   1.7543593753156466       0.12548117462713657       -15.899446822460549        15.996434965428849     
   1.0327266344786635E-002  -1.5903146623998044E-002 -0.28019187215854646       0.28083277537782464     
  0.44260195903094135       0.20407731805292251       -4.3469736468556208        4.3742112354502227     
  0.14773165262510701        7.2557004074998335E-002  -7.5107705685004253        7.5125737063059761     
   1.2305733827072330E-002  -1.1362005486966496E-002 -0.10564014945500609       0.10695965328377115     
  -3.6459577134165269E-002   4.0281823817598761E-002 -0.10375712046053057       0.11712158699887588     
   9.7148644479098767E-002  0.21809226315984329      -0.51898202378827618       0.57126587110528793     
   1.6131949020331188E-002   3.5581648415898483E-002  -8.4992695315729422E-002   9.3543101510584883E-002
  -2.7582155141609999E-002   1.4445978570838442E-002  -1.4871239311219808E-002   3.4505294344151637E-002
 -0.74120952405749307       -8.1622067105171184E-002  -1.0158174662984858        1.2601344552186213     
  -5.1785278683936023E-003  -1.7076660164772495E-002  -1.4162032161264514E-002   2.2781409706239576E-002
 -0.31182832741975997       0.20485367250051706      -0.52241049719384169       0.64196157244547813     
 -0.25275006683281021        7.1455037553378078E-002 -0.10802537027491985       0.28400334381619213     
 -0.32000333362034794       0.12387297594402369      -0.32181898173440721       0.47044033064984453     
 -0.45981150875141980      -0.11265608898053603       -9.5096607162710539E-002  0.48286787287880956     
 -0.25145025471602056        1.7857275845961237E-002   9.5434295041294248E-003  0.25226412734293124     
   1.3183129875360432E-002   3.3063565229407205E-002  -1.4926615059309657E-002   3.8597902742489885E-002
 -0.15341188582703458        8.8300497524448629E-003   6.3965247730843874E-002  0.16644737729656794     
  0.36925916657169472        1.1787691810197996       0.79631403550048252        1.5516573675442578     
  0.78012185189511263       0.10335957227469177        240.58076953680404        240.58389126458715     
  0.42528167759150826      -0.12341111340243155      -0.28286287464502274       0.52545809924171982     
   1.1022463825947262      -0.10282954130642732      -0.75674932260488703        1.3409662709298116     
  0.88174983442432897       0.12743509178163023      -0.45208254378774038       0.99905009860482885     
   2.4774411458349785E-002   2.9820732451316931E-002  -2.4653418433063453E-002   4.5943863436549888E-002
  0.12384157639793192      -0.22928804737132669       -5.2951936909984303        5.3034390497866246     
  0.85437618831218631      -0.24536790665467167       -15.227210597252206        15.253772859156545     
  0.11603560067153963      -0.10400435312560113       -1.3027125171519947        1.3194017027944012     
 -0.18994634890735043        3.6783443392241794E-002 -0.50998978455080246       0.56302930866625156     
   7.3529076055191003E-002   1.0347235850641172E-002   27.251968067282341        27.252069226583362     
  0.18769303118532288       -7.3608286907398235E-002   28.791514547590381        28.792220421460467     
  0.16978691339396762       -2.9831684412202845E-002   2.3039601218199595        2.3104003480547202     
   2.9198387587937580E-003   8.1048328019638280E-003   1.4447364457368792        1.4447621296994047     
  -6.1450824097284730E-003  -5.0477977767216867E-003  0.21823217537156600       0.21837702412942323     
  0.26934760806195235       0.52955597790786646        13.962250799978763        13.974885511846404     
