  0.38577728115405985      -0.48153325043643636       -39.554307848932247        39.559119906666702     
 -0.21877879557142968       -1.0564225861196130       -52.124982064023172        52.136145312216868     
 -0.13444964292200173       -1.7082592071623730       -82.791199840537232        82.808930661258444     
  -4.6269363279104136E-002 -0.98105731956863829       -43.184248789772653        43.195415935666581     
  0.17703671346818498      -0.64714792668001930       -29.500100537093630        29.507729057580047     
  -1.3234130401104236       0.27406908962172960       -57.585777502370696        57.601634581782172     
  0.16410880889730520       -1.4865345095481062       -57.991312726059640        58.010594448263348     
 -0.83045023931628459       -1.1816024721611653       -52.589610675970285        52.609438155642053     
  0.77112780916162849      -0.31941609189780135       -13.418285350273132        13.444219816678848     
   1.6422497790573161       -1.4943463821693528       -32.478255028420598        32.554064341305285     
  0.91925191916116467      -0.48672459939569712       -14.743097155323184        14.779744201366848     
  0.28024376413810931      -0.74165321431645970       -8.7331285836939383        8.7690433296327317     
 -0.36925626772645342       0.43234522512225504       -2.4123597809820336        2.4784576449560256     
 -0.57468780303853917      -0.25947940896938732       -1.9954338156869003        2.0926900743844388     
  -1.3211004594667226      -0.54721310704768988      -0.34004918086377034        1.4698238173108003     
 -0.40157336990154152      -0.96947387087763914       -8.2500642753293510E-002   1.0525906677257120     
 -0.35493725392803421        1.4784299998735597       0.26402202266918756        1.5431925826695889     
   1.0597372694045206       -1.0935741618702797       0.51148391935740967        1.6064131870214622     
 -0.65014546970581122      -0.31850052968112053       0.29166557730534537       0.78051299039221933     
  -1.6601059044095605      -0.18327278313581979       0.72978021945604288        1.8226682900635389     
  0.72088483265276271       0.14928794234836371       0.37281638923740101       0.82519930426741361     
  -3.8838882798995442      -0.55274816973229690        2.1258482966043206        4.4619894318632056     
  -4.7494240253308799      -0.67592969933526070        2.7723272517728303        5.5407317135696008     
  -9.4085692764908639       -1.6420310618385932        5.5193538451255257        11.030897910246132     
  -1.8920302142186252      -0.45423055766904591        1.1244639783021790        2.2473368616065712     
  -9.7454022439397736      -0.45955519680786017        5.9949230701833924        11.450902082042120     
  -21.589542154608047       -2.3834476263189970        13.346748810413681        25.493623846783386     
  -4.9999587119105149       -1.0354269355531589        3.3273714793913665        6.0945136821198416     
  -2.3759544154120849      -0.81346323457146708        1.6365300866538952        2.9975177301625857     
  -3.5579801096545327      -0.50636549041166745        2.4778709195329980        4.3652574682880312     
 -0.87511515366962689      -0.26921779088665282       0.63127976795517671        1.1121235976912125     
 -0.93141753121909088      -0.10282686348780269       0.68217724065445029        1.1590848842875681     
  -2.9240466132813725      -0.60553232509546984        2.1738260577755053        3.6935399988143600     
  -3.0684895806951880      -0.73666991307347973        2.2972862559941030        3.9033107754369265     
 -0.53645210376097008      -0.11109230893149175       0.42030349649763599       0.69049068777315081     
 -0.95888964056107395      -0.29498992178737393       0.76969419688589125        1.2644831171080473     
 -0.50403272790035236      -0.17256732305471795       0.43003548862320023       0.68465976459577105     
 -0.53345492582726173       0.28245137549990307       0.51184843033611471       0.79141755922439638     
 -0.57899746334018731      -0.13900324565936695       0.50492292110162351       0.78070937045228694     
  -3.0730700648368643      -0.53632771927152334        3.0430673154451742        4.3579428325972955     
 -0.63351233682793073       0.41614178543037850       0.77302521006522784        1.0826263630130011     
  -3.1482230689616794E-002 -0.66752318738618666       0.68154256056161711       0.95450437317190640     
  0.48145148073901878       -2.0054266656224966        2.1033860512758871        2.9458045624578570     
  0.95869472545050549      -0.19854126701034702       0.99848934283366331        1.3983902098717278     
  -5.2959423721926964      -0.75370923215972285        5.9467492797261459        7.9986817796529595     
  -3.6093407753852396      -0.28405140157699743        4.1969486898983819        5.5427794775939017     
  0.62894787389158957       0.41314109045198000       0.90894379442274453        1.1800168685710466     
  -2.3253186220427741E-002  -1.4798482526082037        1.7877200038101195        2.3208693141665280     
   8.2924793853092954E-002  -1.0537139243753701        1.2767096500266151        1.6574610361420878     
  -1.1550869537080430       0.75875388575733482        1.7382311483184576        2.2206712622004376     
  -4.1663923722689900      -0.45996241786343639        5.2721667173830946        6.7354385693457282     
   9.7583925424909151E-002 -0.68568055035027287       0.87111286739221794        1.1128872662432072     
   1.1595747239009087        1.3576855561461643        2.3369583478901128        2.9409688759745611     
 -0.67361538265443710      -0.53966411919460844        1.1297275274283283        1.4217170363768243     
  -6.5936487624082867       -1.3654595818783393        9.1661991989794700        11.373649002282582     
  -1.3271280164736643        1.1334791261819439        2.4696198941240612        3.0240810377787239     
 -0.58163769329423975       0.46598164990534013        1.0545838982030249        1.2913514249259321     
  -2.5278501456561848      -0.19893920290017980        3.5880140467071455        4.3935689325094627     
  -1.8136625418487335        1.9931969180694011        3.9618581525178351        4.7915055870340586     
  -6.4339236481908495        5.1545668231516739        12.120124824678230        14.658184007948149     
 -0.66332575331411514       -2.4246748105283737        3.8379090682872290        4.5878747812317080     
   1.2236168720145313       -2.9541084770307551        4.8817904873452198        5.8357410417082312     
  0.77106953987933491       0.23721175129178285        1.2785528036998344        1.5117919572908671     
 -0.54075796993162395       -1.5794057050187182        2.6457751851487665        3.1284289816838156     
 -0.44690393678594781       0.38169361016233133       0.96651341039421790        1.1311769592885961     
   3.2267214293398384E-002 -0.68428309008871058        1.1265658209475784        1.3184972769888081     
 -0.16143124604336029      -0.52473350506846850       0.93649351386128399        1.0855530387985690     
  -5.1105167144513068E-002  -1.0835917060813722        1.8504505097272641        2.1449824737156011     
  0.27106139813124791      -0.99084996759809529        1.7523007494511744        2.0312104411835721     
   2.6989588365530510       -8.7732349332006585        15.657581247626542        18.149762547222664     
  0.47983780732216724      -0.49515879371768123        1.1761725760257005        1.3633812676308219     
 -0.41003962133507843       0.66912653812651302        1.3880810298190440        1.5945631879713278     
  -1.6720308720203798      -0.23796050185796430        2.9872486629090127        3.4316128877665397     
  -1.2904315892633431       -2.2623487901523585        4.6067822522998947        5.2920580547626130     
  0.18011564708311950      -0.75024947685671306        1.3647294935536900        1.5677380248062027     
  0.15894628391279622      -0.76753862569829878        1.4371350970300205        1.6369901497028034     
   2.2671604496338862       -5.4734762622436151        10.862414421730923        12.372995028171490     
  0.71285900376066302       0.73561243098576412        1.9462858366999218        2.1993913171607606     
  0.23295111572473667       0.47551125530709437        1.0060728689378791        1.1369079970930027     
  -1.3200031715976857      -0.27335562504387012        2.5612460847782641        2.8943243041447619     
  0.66058187811213720       -2.7515722065276571        5.5701532255211639        6.2477295861144198     
   1.0220654086875087       -2.9852502623794686        6.2110921104377965        6.9666349145778330     
   1.5086436975357105        2.4618779973305447        6.0955763587347622        6.7448424907495523     
   9.4856996905427895        11.106310955507361        31.921875830721131        35.104626450249604     
  0.85010362831665465        1.3872403546458301        3.5559035829395320        3.9104427206644043     
   2.0685313030386565        3.6265139385903278        9.1246834999931732        10.034454348567658     
   9.6898663580739903        12.094911554291992        35.058460314682563        38.331136627807581     
   1.9700594103115843        3.2148385490903979        8.5293840823193250        9.3255945548043826     
  0.68265393239546457        1.3934667250843389        3.5101945802871350        3.8378681447920329     
  0.13411498019365020       0.49023967919404315        1.1497530381025871        1.2570814689568655     
  0.20631893452178823        1.1821459496646829        2.7146310895435772        2.9680395046844255     
   2.0210296813027688        2.0855380224062663        6.7985778182996475        7.3928810464584789     
  0.73353944696562179       0.80614818749378792        2.5515289813827211        2.7745729695378523     
   4.3391980378341302        7.0809139314028489        19.441253600842511        21.140726649946320     
   2.4285249453841833        4.2576486764848696        11.474531640055913        12.477587187488247     
  -1.3521606671551643       0.32462856532176848        3.2553489284186425        3.5399179116161399     
  0.43740706702794641       -3.9621316139352043        9.3316810093908664        10.147417520209610     
   3.0719023128596201        4.3708673554918267        12.939985679762183        13.999439083459979     
   3.7455629156145287        5.7020641986887961        16.524367903460334        17.877290406817959     
   1.1711732896295219        1.9111774088937288        5.4291788993145875        5.8736895971246339     
   1.4546290580226231        2.7473101326395666        7.5295582453471459        8.1460362159410398     
  0.61139853471893091       0.67191726721565548        2.2762750246206003        2.4508588229334070     
  0.84995352632880405       0.99516624699274514        3.2792475866788560        3.5307565181999587     
 -0.60717779233182534       0.10597105760147377        1.5443845662351170        1.6628344550722283     
   1.1100675296875646      -0.38006730051773435        2.9399750185632576        3.1654627123321983     
  0.11717190508749843       0.56579843948541519        1.4974797270340592        1.6050864968418259     
  -5.5290105611903048E-002 -0.50079366230686628        1.3057808939062605        1.3996124573880913     
  -4.9743152624805033E-002  -1.0547126764336532        2.7365113865775847        2.9331532145340908     
  0.75853832278970201       0.88813295375255308        3.1304468385231714        3.3412359897950292     
  -4.6498946216381452        1.1163530019665779        12.816972247701806        13.680005176011353     
 -0.28892367765579824       -2.0300273841006460        5.4957903270759969        5.8658502700708919     
  -1.3219077858845744E-002 -0.84127091595384929        2.2550858305080097        2.4069324047441105     
  0.64556047851980969       0.85980442923475386        2.9798063395722179        3.1678475041127228     
   3.2184463145417053      -0.99014117959439096        9.3323273319412401        9.9212453686829640     
  0.37512805453388554       0.90563668791520469        2.8088151770637237        2.9749523637698667     
  0.52661262491950633      -0.18030275944387622        1.5949461147181245        1.6892847748802242     
 -0.41908970959449254       -1.0117616193154810        3.2439418392749504        3.4238072982582461     
   1.2122071404464680      -0.45806183738976380        3.8385694161607651        4.0514049366740776     
   2.5390820482591119      -0.86933635483103600        7.9498092668892042        8.3905989491537536     
  0.58912312715967896       -8.3847755320187844E-002   1.7626673826684478        1.8604012489110702     
   1.8397650962526948        3.2254449113201020        11.369468749234636        11.960478674583783     
  -3.0038789742768688       0.82177613590261245        9.5354356353178762        10.031108496319423     
  -10.652440303050318        2.5574523033794057        33.543143044802498        35.286789199616805     
   1.2512384380896215      -0.47281075885507107        4.0955194738460898        4.3084135599190816     
   5.8860381597888995       -1.2189714232198223        18.404665071090083        19.361379933468609     
   3.2885100225165642        7.2832235549407089        25.288890091420605        26.521455570450623     
  -2.9789079433363805       0.61690988629598165        9.6270296192665352        10.096245323530797     
  0.29559935261188525       -1.2312825856484659        4.1412372498682899        4.3305059453466193     
  0.68498076073507241      -0.21073138780326836        2.4219614975159138        2.5257679734750416     
   5.2781906291669873       -1.2672099723394448        18.344510442198214        19.130765295610683     
   2.1921971539144272      -0.45399394501739881        7.5657256346332300        7.8899964031860854     
  0.91089884229923401        4.2956862607402280E-002   3.1843056276654460        3.3123080055044678     
 -0.84195269358196800       0.20213714362906279        3.0235603181060138        3.1451010731437212     
 -0.85116035435703152       -2.7667032688152569        10.107911602038856        10.514228354051186     
   15.440561264587062       -7.5643471577355301        60.039444241799671        62.452903414912420     
  0.65788040686510485      -0.11482201035193852        2.3319815980854517        2.4257223455307972     
 -0.19278330309693706      -0.51018053723596068        1.9676320600533193        2.0418191659099021     
 -0.15816637416901069       -1.1113041112176123        4.0497181206368280        4.2024076772894396     
  0.11677814063745927      -0.82055009974763160        2.9901741651046740        3.1029149421126618     
   6.2862550471518146       -3.5856571430285613        26.109276058132156        27.093693656364877     
   3.0933357793882013      -0.95165146103147136        12.062661899489864        12.489282559407926     
 -0.93523519603653515      -0.49517787667322960        4.0744921915420989        4.2096736952392924     
   7.9658458056510568       -2.7273633636923322        32.418489947911127        33.494054708557371     
   4.4646571026851447       -1.2214163569652556        17.821780386156693        18.413062675557768     
   2.0625204516597466      -0.35997841276358261        8.0612925844239331        8.3287461963286411     
  0.39128864687724385       0.31348095182044255        1.9940479389766506        2.0561138818816196     
   2.9708609400942203       -1.4554278904206805        13.157289387130227        13.566817942549447     
  -1.1389592827528168E-002  0.72508623061549038        3.7310241651057932        3.8008447857359733     
  -1.0317165359651053      -0.54626173798093758        7.0456379684266670        7.1416983469691040     
 -0.88202378181474339        2.5761941494905773        24.045601160522565        24.199290845363226     
 -0.35934438176108430      -0.62999258084601339        6.4045458742418200        6.4454811218319614     
 -0.37088153465522561        1.2055760425568303        12.245817546628926        12.310605756519866     
  0.47279302646054316      -0.51959755749351710        7.0391637574250332        7.0741318387113106     
  0.55098935535360893       0.44142519579252970        7.7767172822118642        7.8086988135441704     
  -2.5652160690023091E-002   1.6330722953428336        18.567122279214185        18.638820050809443     
 -0.93192671979948594        3.0292921642843571        36.029871457765616        36.169002414924087     
  0.10375505935631635       0.93979093898601695        11.092831499214620        11.133053614858339     
  0.68287563450796085       -1.5124193785135451        20.092451290065089        20.160861349464863     
  0.96110119694378382      -0.43395955618319731        12.768257428522521        12.811730334665572     
  0.82327122381900042       -1.9875767953208732        26.882440764225581        26.968386278518107     
  0.75088940863917242      -0.46015062340462159        11.004552386682017        11.039734903133093     
  0.93797805817109214       -1.4739903602584235E-002   12.097433011001108        12.133750679737405     
   1.0278110822784503      -0.17938721612271974        15.749641051242874        15.784161955490617     
   3.8360166935136881      -0.54596632570276316        58.489329122831698        58.617529157587711     
  -3.1718669027115294E-002  0.67261228714410526        10.489657235430602        10.511247417866429     
   3.3765433779515446       -1.0387790618383015        60.482721944155315        60.585804945519286     
  0.56467021586978883      -0.29898102890087047        14.982738805381226        14.996356364751056     
 -0.65042314252406364       -7.1805575312815936E-002   15.834873894830412        15.848389115937259     
  0.39460786453331848      -0.43367239173176836        15.109227645861074        15.120600092739522     
 -0.78082773796205140       0.47849420454596941        25.130104991479449        25.146785590666163     
